20042
20043
20044
20045
20046
20047
20048
20051
20055
20056
20057
20059
20060
20062
20075
20076
20077
20078
20079
20080
20081
20082
20083
20084
20085
20086
20089
20090
20091
20093
20094
20095
20096
20097
20098
20099
20100
20101
20104
20105
20107
20108
20111
20112
20113
20114
20116
20117
20118
20119
20120
20121
20123
20124
20125
20126
20127
20128
20129
20232
20234
20235
20244
20245
20246
20247
20248
20249
20251
20252
20253
20254
20255
20256
20257
20258
20260
20263
20264
20265
20266
20267
20288
20289
20290
20291
20292
20293
20294
20297
20298
20299
20300
20302
20303
20304
20308
20309
20312
20315
20316
20317
20321
20322
20323
20324
20325
20326
20327
20330